original
iter0
ID	sequence	binding score	toxicity
1	GLFGVLAKVAAHVVPAIAEHF	3.810624349398495e-08	0.0
2	GLLSVLGSVAKHVLPHVVPVIAEHL	5.825150310556637e-06	0.5
3	GLWQKIKSAAGDLASGIVEGIKS	0.00019517085456755012	0.0
4	SLSRFLSFLKIVYPPAF	5.057710222899914e-05	0.5
5	GFKDLLKGAAKALVKTVLF	0.00030457816319540143	0.5
6	CLGVGSCNDFAGCGYAVVCFW	3.8609118746535387e-07	0.17
7	VGALAVVVWLFLWLW	1.7823165165964383e-10	0.0
8	EQCREEEDDR	0.08434461802244186	0.67
9	KIMAKPSKFYEQLRGR	1.2320630048634484e-05	0.31
10	VKSTGRADDDLAVKTKYLPP	0.00023973232600837946	0.0
11	GLKDIFKAGLGSLVKNIAAHVAN	3.4996756426153297e-07	0.0
12	GLFKVLGSVAKHLLPHVVPVIAEKL	1.850836781613907e-07	0.175
13	GWMSKIASGIGTFLSGVQQG	3.0799207628717795e-09	0.0
14	FIHHIFRGIVHAGRSIGRFLTG	8.552824510843493e-07	0.59
15	LLKELWTKIKGAGKAVLGKIKGLL	2.414359823177392e-10	0.16
16	GVSGHGQHGVHG	0.08403827995061874	0.905
17	EKYTEAPEYI	0.04197435453534126	0.32
18	IFKAIWSGIKSLF	1.3323607390702819e-06	0.5
19	GLLSGILNTAGGLLGNLIGSLSN	8.527011232217774e-05	0.0
20	NRILPTLIGPL	1.6060754205682315e-05	0.045
21	GIADILKGLL	4.875427111983299e-05	0.0
22	LLGGLLQSLL	1.2838407315030054e-07	0.0
23	GVVDTLKNLLMGLL	3.747187282687747e-10	0.0
24	FLHFLHHLF	0.0008428554865531623	0.365
25	RGAHIKGRWKSRCHRF	0.001384283066727221	0.68
iter1
ID	sequence	binding score	toxicity
1	GLFGVLAKVAAHVVPAIAEHF	3.810624349398495e-08	0.0
2	GLLSVLGSVAKHVLPHVVPGIAHL	3.261154779465869e-05	0.28
3	GLWQKIKSAAGDLASGIVEGIKS	0.00019517085456755012	0.0
4	SLSRFLSFLKICYPKGC	0.0761919841170311	0.17
5	GFKDLLKGAAKAIVKTVLF	0.00046702896361239254	0.335
6	CLGVGSCNDFAGCGYAVVCFW	3.8609118746535387e-07	0.17
7	VGALAVVVWLFLWLW	1.7823165165964383e-10	0.0
8	EQCREELDDR	0.02647087164223194	0.625
9	KIMAKPSKFYEQLRGR	1.2320630048634484e-05	0.31
10	VKSTGRADDALAVPTKYLPP	0.16482031345367432	0.0
11	GLKDIFKAGLGSLVKNFGAHAL	0.00010822423791978508	0.0
12	GLFKVLGSVAKHLLPHVVPVIAEKK	1.5739787784241344e-07	0.17
13	GWMSKIASGIGTFLSGVQQG	3.0799207628717795e-09	0.0
14	FIHHIFRGIVHGGRSIGRLLTG	1.1506094779178966e-06	0.135
15	LLKELWSKIKGAGKAVLGKIAGNL	1.900157142742387e-09	0.115
16	GVSGHGQHGVHG	0.08403827995061874	0.905
17	EKYTLAPEF	0.9942849278450012	0.0
18	IFKAIWSGIKTLF	3.953706254833378e-06	0.285
19	GLLSGILNTAGGLLGNLIGSLSN	8.527011232217774e-05	0.0
20	NRILPTLIGPL	1.6060754205682315e-05	0.045
21	GIADILKGLL	4.875427111983299e-05	0.0
22	LLGGLLQSLL	1.2838407315030054e-07	0.0
23	GVVDTLKNLLMGLL	3.747187282687747e-10	0.0
24	FLHFLHHLF	0.0008428554865531623	0.365
25	RGAHIKGRWKSRCHRF	0.001384283066727221	0.68
iter2
ID	sequence	binding score	toxicity
1	GLFGVLAKVAGHVVPAIAEHF	5.859465659341367e-07	0.0
2	GLLSGLGSVAKHVTPHVVPGIAHL	0.7286403775215149	0.1
3	GLWQKIKSAAADLASGIVEGIKS	3.0482026431855047e-06	0.0
4	SLSRFLSFLKPCYPKGC	0.36566227674484253	0.15
5	GFNDLLKGAAKAIVKTVLF	0.0025369711220264435	0.17
6	CLGVGSFLDFAGVMYAVVCFW	3.753175406018272e-05	0.0
7	VGALAVVVWTFTWLW	0.017410609871149063	0.0
8	EQCRLELDDR	0.758965015411377	0.49
9	KIMAWPSKFYEQLQGY	0.8068072199821472	0.2
10	VKSTGYADDALAVPVKYLF	0.3456113636493683	0.0
11	GLKDIFKAALGSLVKNKGAVAN	0.06896910816431046	0.04
12	GLFKVLGSVAKHLLPHVVPVIGEKK	2.2390725007426227e-07	0.67
13	GWMSKIASGHGTFLSGVQQG	0.031597163528203964	0.0
14	FIHHFFRVIVHGGRSVGRLLTG	0.009308552369475365	0.0
15	LLKELWSKIKSAGKAVLAKIGNL	4.3331348820174753e-07	0.115
16	GVSGHGQTGVHG	0.00022976595209911466	0.555
17	EKYTLAPEF	0.9942849278450012	0.0
18	IFWAIWSGIKTLF	0.05607185140252113	0.24
19	GLLSGILNTAGGLLGNLIGSSSN	0.002262806985527277	0.0
20	NRILITLIGPL	0.9244999289512634	0.0
21	GIADFLKGLL	0.48964911699295044	0.0
22	LLGGLLQELL	3.11163972810391e-07	0.0
23	GVVDTLKLLLMGL	8.735508844059936e-12	0.0
24	FLHFLHHLF	0.0008428554865531623	0.365
25	RGAHIKGRWKTRCHRP	0.15724444389343262	0.705
iter3
ID	sequence	binding score	toxicity
1	GLPGVLAKVAGHVVPAIAEH	0.003371297148987651	0.0
2	GLLSGLGVVMKHVTPHVVPGLAHE	0.9896696209907532	0.0
3	GLWQKPKSAAGDLASGIVEGIKA	0.8349955081939697	0.0
4	SLTRYLSFTKPCYPKG	0.9886830449104309	0.445
5	GFNDLLKGAAKDIVKLVLF	0.05048235505819321	0.085
6	CLGVGSFLDFAGVMYAVSCIW	0.0013451453996822238	0.0
7	VGALMVVVWTFTWR	0.3696032166481018	0.0
8	LQFRLLLDDR	1.3245237369119423e-06	0.0
9	KIMAWPSKFYEQLQGY	0.8068072199821472	0.2
10	VKSTGYADDALAVPTPKLF	0.9976810216903687	0.0
11	GLKDPFKAGLGVLTKNKGAVAN	0.9775978922843933	0.015
12	GLFKVLGSVAKHLLPHVVPVIAEKL	1.850836781613907e-07	0.175
13	GWMSKIASGVGTFTDGVQQG	0.00042629442759789526	0.0
14	FIHHFFRVIGHGGRSVGRLLHG	0.001204335130751133	0.0
15	LLKELWVKIKSAGPAVVAKIHNL	0.00013930107525084168	0.055
16	GVSGHMQTGVHG	0.7784048914909363	0.0
17	EKYTLAPEF	0.9942849278450012	0.0
18	IFWAFWSGIKTLF	0.7074193358421326	0.095
19	GLLSGILNTAGGLLGPLIGSSN	0.9021461009979248	0.0
20	NRILITLIGPL	0.9244999289512634	0.0
21	GIADFLKGLL	0.48964911699295044	0.0
22	LLGGLLQELL	3.11163972810391e-07	0.0
23	GVGALLKLLLMGL	1.2164007966567298e-22	0.02
24	FLHFLHHLFI	9.754416163687551e-10	0.0
25	RGAIIKSRWKTRCHRP	0.19318321347236633	0.65
iter4
ID	sequence	binding score	toxicity
1	GLIGSLANGAGHVVPAIATF	0.44423335790634155	0.0
2	GLLGGIGVVMKHVTPHVGPGLAT	0.8004723787307739	0.3
3	GLWQKPKSAAGDLASGIVEGIKS	0.8488287925720215	0.0
4	SLVRYLSFTNPCYPKV	0.9969195127487183	0.0
5	GFNDLLKGAAKDIVKTVLI	0.5214833617210388	0.03
6	CLGVGSFLDFAGVMYAGSCHK	0.00047587379231117666	0.0
7	VGALAVVVWTFTW	0.8155597448348999	0.0
8	LQFRLLLEDR	0.18052788078784943	0.0
9	KIMGWQSKFYEQLRGY	0.995083749294281	0.0
10	VNSTGYADSALAVPTPPLF	0.9990442395210266	0.0
11	GLKDPFKAGLVVLTKNKGAVMN	0.9956206679344177	0.0
12	GLFKVLGSVAKHLLPCVVPVIAEKL	1.371650704129479e-08	0.05
13	GWMSKIASGVAVHTDGVQQG	0.2863421142101288	0.0
14	FIHHFFRVHGHGGRSVGRLLHM	6.257936911424622e-05	0.0
15	LLPELWVNIKSAGPAGVAKIGNL	0.9989149570465088	0.0
16	GVSGCMQTGVHG	0.9977633953094482	0.025
17	EKYTLAPEF	0.9942849278450012	0.0
18	IFWAFWTGIKTLH	0.3156348466873169	0.51
19	GLLSGILNIAGVNLGPLIGSSK	0.9905380010604858	0.0
20	NRILITLIGPL	0.9244999289512634	0.0
21	GIADFLKGLL	0.48964911699295044	0.0
22	LLGGLNQELL	0.9724186062812805	0.0
23	GVGDLLKLLLMGL	4.04030348326667e-16	0.0
24	FLHFLVHLII	5.1316288590896875e-05	0.0
25	RGDFIKSRWKLRCHRP	0.9958242177963257	0.565
iter5
ID	sequence	binding score	toxicity
1	GLPGSLANGAGHHVPAIATF	0.8981480002403259	0.0
2	GLLGGIGGSMKHVTPHVGPGLGE	0.9930260181427002	0.0
3	GLWQKPKSAAGDLASGFVEGLKA	0.9720705151557922	0.0
4	SLVRYLSFTNYCYNQ	0.9614905714988708	0.0
5	GFLDLLKGAAKDIVKTVTNC	0.4005086123943329	0.0
6	CLGVGSCLDFAGVMYAGVCIK	0.0007113876636140049	0.06
7	VGALMVVVKTFTW	0.9944394826889038	0.0
8	LQFRLLLEER	1.2420593720197104e-10	0.0
9	KIMGWQSKFYEQLRGY	0.995083749294281	0.0
10	VNSTGYADSALAVPTPPIF	0.9970380067825317	0.0
11	GNKDPFKAGLVTLTKNKVAVMI	0.9781925678253174	0.0
12	GLPKVLGTVAKHLTPFVVPVIGEKL	4.1000497219556564e-08	0.0
13	GWMSKIASGVAVHVDGVQQM	0.00442386232316494	0.0
14	FIHHFCRVHGHGGYAVSRLIV	0.9555552005767822	0.0
15	LLPELWSKIKSAGPAGVAKIGPL	0.26074445247650146	0.0
16	GVAGCMQTGVHG	0.998953104019165	0.0
17	EKFTLAPEF	0.9987671375274658	0.0
18	IFWAFWTGIKTLH	0.3156348466873169	0.51
19	GLLSGILNIAGVNTGPLLSSSK	0.9784560203552246	0.0
20	NRIEITLIGPL	0.6959750056266785	0.0
21	GIADFNKGLL	0.7692872881889343	0.0
22	LLGGLNQELL	0.9724186062812805	0.0
23	GVGALLKLELMGL	1.4331855879845534e-07	0.0
24	FLHFLVHLFII	0.0003288029693067074	0.0
25	RGDFIWSRWWLRCHRP	0.008467789739370346	0.665
iter6
ID	sequence	binding score	toxicity
1	GLPGTLANGAGHHVPAIAHF	0.9985987544059753	0.0
2	GLLGGIGGSMKHVTPHVGPGLGE	0.9930260181427002	0.0
3	GLWQWPKDAAGSLASGFVEGLKA	0.5842754244804382	0.0
4	SLVRYLSFTNPCYNQ	0.9708709120750427	0.0
5	GFNDLLKGAAKDIVKTVTNC	0.9590160250663757	0.0
6	CLGVGTFLDFAGGMFAGGCIK	0.22017507255077362	0.0
7	GGALMVVVKTFTW	0.9958459734916687	0.0
8	LQFRLLLEER	1.2420593720197104e-10	0.0
9	KIMGWQSKFYLQLRGR	0.3814625144004822	0.0
10	VNSTGYADSALSVPTPPFF	0.9867434501647949	0.0
11	GNKDPFKAGLVTLTKNKVAVMP	0.9929318428039551	0.0
12	GLPKVLGTVAKIILPFVVPVIAELL	8.203055124056391e-09	0.0
13	GWMSKIASGVAVHTDAVQQM	0.19487273693084717	0.0
14	FHHHFCRVHGFGGYAVGRLIG	0.0095506077632308	0.0
15	LLPELQSKIKGAGPAGVAKVGQL	0.9901891350746155	0.0
16	GVAGCMQTGVHG	0.998953104019165	0.0
17	EKFTLAPEF	0.9987671375274658	0.0
18	IFWAPWTGIKTLH	0.9990222454071045	0.545
19	GLLSGILNIAGVNTGPLLSESK	0.9361278414726257	0.0
20	NRILITLIGPL	0.9244999289512634	0.0
21	GIADFNKGLL	0.7692872881889343	0.0
22	LLGGLNQELL	0.9724186062812805	0.0
23	GVGATLKLELMGL	0.13131994009017944	0.0
24	FLHFLVHLFII	0.0003288029693067074	0.0
25	RGDPIWSRWKLRCHRP	0.9501848220825195	0.655
iter7
ID	sequence	binding score	toxicity
1	GLPGTEANGAGHHVPGIAHF	0.9984790682792664	0.0
2	GLEGGIGGSMKFVVPHVGPGLAE	0.06407441943883896	0.0
3	GLWQQPKDAAGSLASGFVEGKKA	9.32856637518853e-05	0.0
4	SLVRFLTFSNYCYIP	0.9940522313117981	0.0
5	GFNDLLKGAAKDIVKTVTKH	0.9644563794136047	0.0
6	CLVVGTFLDFAGGMYAGSCIK	0.8674517273902893	0.0
7	GGAIAVVVKTFTWR	0.988055944442749	0.0
8	LQFRLELEER	0.9823570251464844	0.425
9	KIMGWQSKFYEQLRGR	0.9314237236976624	0.0
10	VNSTGYADSALSVPTPKFP	0.9549381136894226	0.0
11	GNKDPFQAGTVVLTKNKVAVGP	0.3244595229625702	0.0
12	GLPKVLGTVAKIILPFVSPVIKELL	5.003719252272276e-07	0.0
13	GWMSWFASGVASHTDAVQQM	0.9762961864471436	0.0
14	FIHHFCRVHGHGGYAVGQLIM	0.7530446648597717	0.0
15	LLPELQSKIKSAGPMGGAKLVCL	0.9749121069908142	0.0
16	GVGGCMQTGVHG	0.9970735311508179	0.0
17	EKFTLAPEF	0.9987671375274658	0.0
18	IFWAPWSGIKTLH	0.9993730187416077	0.105
19	GLLSGILNIAGVNTGPNLSDSK	0.9739817976951599	0.0
20	NRIEIILIGPL	0.980717122554779	0.0
21	GIADFNKGLL	0.7692872881889343	0.0
22	LLGVNNWENL	0.8577583432197571	0.385
23	GVGATIKLELMGL	0.9641251564025879	0.0
24	FLHFLVHLFII	0.0003288029693067074	0.0
25	RGDPIWSRWKLRFHRP	0.9936747550964355	0.495
iter8
ID	sequence	binding score	toxicity
1	GLPGTEANGAGHHVPGIAHF	0.9984790682792664	0.0
2	GLLGGIGGTMKFVVPHVGPGIATD	0.9987578392028809	0.0
3	GLWQQPKDAAGSLASGFVEGKKS	0.00845374446362257	0.0
4	SLVRFLSFSNPCYI	0.9984580278396606	0.0
5	GFNDLLKAAAKDNVKTVTKH	0.9719238877296448	0.0
6	CLTVGLYNDFAGGMFAGSCIK	0.5958749651908875	0.0
7	GGAIMVVVKTFTW	0.9865336418151855	0.0
8	LQFRLELEER	0.9823570251464844	0.425
9	KIMGWQSKFYEQLRGR	0.9314237236976624	0.0
10	VNSTGYADSALSVPTPNFF	0.9944446682929993	0.0
11	GNKDPFQAGTVVLTKNFSAVMP	0.18277494609355927	0.0
12	GLPKVLGTVAKIITFFVSFVHEELL	5.606110242695195e-09	0.0
13	GKMSWFASGVASHVDAVRQM	0.7912105917930603	0.0
14	FHHHFCRVIGHGGYAVGQLIM	0.00020500201208051294	0.0
15	LLPELQSKIKGAGNAGGAKLGRNE	0.9908010363578796	0.0
16	GVGGCMQTGVHG	0.9970735311508179	0.0
17	EKFTLAPEF	0.9987671375274658	0.0
18	IFWAPWSGIKTLH	0.9993730187416077	0.105
19	GLLSGILNIAGVNTGPNLSDEK	0.9847634434700012	0.0
20	NRILIILIGPL	0.9694682359695435	0.145
21	GIADFNKGL	0.98636394739151	0.0
22	LLSGLNQELN	0.2832389175891876	0.155
23	GVGATLKLELMGL	0.13131994009017944	0.0
24	FLHFLVHLFII	0.0003288029693067074	0.0
25	RGDPIWSRWKLRFHY	0.9965776801109314	0.39
iter9
ID	sequence	binding score	toxicity
1	GLPGTEANGAGHHVPGIAH	0.9984691739082336	0.0
2	GLLGGIGGTMKFVVPHVGPGLATD	0.9953299760818481	0.235
3	GLWQQPQDAAGSLAGGFVEGLKS	0.9553179740905762	0.0
4	SLGRFLEFSNQCYI	0.9995700716972351	0.0
5	GFNDELKAAAKDIVKTVTNH	0.9196997284889221	0.0
6	CLTVGTYNDPAGGMFAGSCINK	0.650400698184967	0.0
7	GGAIAVVVKTFTWR	0.988055944442749	0.0
8	LQFRLELEER	0.9823570251464844	0.425
9	KIMGWQSKFYEQLRGR	0.9314237236976624	0.0
10	VNATGYADSALSVPTPNYF	0.988057017326355	0.0
11	GNKDPFQAGTVVLTKNFVGVMP	0.9233728647232056	0.0
12	GLPKVLGTTAKIIEFFVSFVGKELL	1.560360033181496e-05	0.0
13	GKMSWFASGHASHVDAVRFG	0.9904204607009888	0.0
14	FIHHFCRVIGHGGYAVGQEIM	0.1379215568304062	0.0
15	LLPELQSKIKGAGNMGGAKIIGNE	0.9913182258605957	0.0
16	GVGGCMQSGVHG	0.9802598357200623	0.02
17	EKFTLAPEF	0.9987671375274658	0.0
18	IFWAPWSGIKTLV	0.9997050166130066	0.07
19	GLLSGILNIAGVNTGPNLSDLK	0.9695818424224854	0.0
20	NRIEIILIGPL	0.980717122554779	0.0
21	GIADFNKGLL	0.7692872881889343	0.0
22	LLSGLKQELN	0.0057058073580265045	0.25
23	GVGASINLELMVL	0.9939544796943665	0.0
24	FLHFLVVLFII	0.0005120794521644711	0.0
25	RGDPIWSRWKNRFHY	0.5877382755279541	0.395
iter10
ID	sequence	binding score	toxicity
1	GLPGTEANGAGHHHPGIAH	0.9657832384109497	0.0
2	GLLGGIGGVMKFVVPHVGPGIATD	0.9892433881759644	0.0
3	GLWQQPQDAAGSLAGGFVLGKKA	0.9919747710227966	0.0
4	SLGRFLEFSNQCY	0.9983018636703491	0.0
5	GFNDELKAAAKDIVPTVVKH	0.9978996515274048	0.0
6	CLTCGIYNDPAGGMFAGGCHLK	0.009763123467564583	0.13
7	GGAIMVVVKTFTW	0.9865336418151855	0.0
8	LQFRLELEER	0.9823570251464844	0.425
9	KIMGWQSKFYEQTRGY	0.9715776443481445	0.0
10	VNATGFADSALSVPTPNYF	0.9856871962547302	0.0
11	GNKDPFQAGTVVLTKNPSGVMP	0.987208902835846	0.0
12	GLPKVNSTTAKLIEFFVSPVGEELL	0.8661212921142578	0.0
13	GKMSWFASGHASHTSAVRG	0.9952861666679382	0.0
14	FHVHFCRVIGHGGYAVGQLIM	0.0012374705402180552	0.0
15	LNPELQSKIKGAGNAAGAKIIGNE	0.9948527216911316	0.0
16	GVGGCMQSGVHG	0.9802598357200623	0.02
17	EKFTLAPEF	0.9987671375274658	0.0
18	IFWAPWSGIKTLV	0.9997050166130066	0.07
19	GLLSGILNIAGSNTGPNLSDNK	0.984897792339325	0.0
20	NRIEIILIGPL	0.980717122554779	0.0
21	GIADFNKGL	0.98636394739151	0.0
22	LLSGNNQELN	0.00016234786016866565	0.17
23	GVGASINEELMVL	0.9918811917304993	0.0
24	FIHFLVVLFII	0.4350389838218689	0.0
25	RGDPIWSRWKNRYHR	0.8954302072525024	0.51
iter11
ID	sequence	binding score	toxicity
1	GLPGTEANGAGHHHPGIAF	0.9994598031044006	0.0
2	GLLGGIGGTMKFVVPHVGPGIATD	0.9987578392028809	0.0
3	GLWQQQQDAAGSNAGAFVVAEKS	0.936539351940155	0.0
4	SLGRFLEFSNQCY	0.9983018636703491	0.0
5	GFNDELKAAAKDLVPTVVNH	0.9949530363082886	0.0
6	CLTVGTYNDPAGGMFAGGCFLN	0.017863865941762924	0.0
7	GGALAVVVKTFTW	0.9989926218986511	0.0
8	LQFRLELEER	0.9823570251464844	0.425
9	KIMGWQSKFYEQTRG	0.451506108045578	0.0
10	VNATGFMDSALSVPTPNYF	0.8597627282142639	0.0
11	GNKDPFQMGTVVLTKNPSGVMP	0.9882701635360718	0.0
12	GLPKVNVTTAKNIEFFVSPVGEELL	0.9150429964065552	0.0
13	GKMSWFASGHASHVEAVRG	0.9971491694450378	0.0
14	FHVHHVRVIGHGGFAVGQEIM	0.06823530048131943	0.0
15	LNPELQSKIKGAGNAGGAKVLGNE	0.9942281246185303	0.0
16	GVGGCMQSGVVG	0.8177335858345032	0.0
17	EKFTLAPEF	0.9987671375274658	0.0
18	IYWAPWSGIKTLV	0.945396900177002	0.0
19	GLLSGILNIAGSKTGPNLSDNK	0.9978914856910706	0.0
20	NRIEIILIGP	0.9976837635040283	0.0
21	GIADFNPGL	0.9985334873199463	0.0
22	LLVVNKQELN	0.9895973801612854	0.0
23	GVGASINEELMVL	0.9918811917304993	0.0
24	FIHFLVVLFII	0.4350389838218689	0.0
25	RGDPIWSRWKPRYHR	0.9912171363830566	0.49
iter12
ID	sequence	binding score	toxicity
1	GLPGTEANGAVHHHPGLAH	0.9903366565704346	0.0
2	GLLGGIGGSMKFVVPHVGPGLATD	0.9951033592224121	0.0
3	GLWQQQQDAAGSKAGAFVVAEKA	0.9887237548828125	0.0
4	SLGRFLEFSNQCYV	0.9998225569725037	0.0
5	GFNDELKAAAKDIVPTVVNH	0.9964274764060974	0.0
6	CLTVGTFNDPAGGMFAGGCFIN	0.14703266322612762	0.0
7	GGAIAVVVKTYTW	0.987133800983429	0.0
8	LQFRLELEER	0.9823570251464844	0.425
9	KIMGWQSKPYEQTRG	0.025165895000100136	0.0
10	VNATGFMDSALSVPTPNYF	0.8597627282142639	0.0
11	GNKDPFQAGTVVLTKNPSGVMF	0.979069173336029	0.0
12	MLPKVNGTTAKNIEFFVSPVSEELL	0.6557597517967224	0.0
13	GKMSWFASGISSHVEAVRG	0.9870302081108093	0.0
14	FHVHHVRVIAHGGFAVGQDIM	0.3769206702709198	0.0
15	LLPELQSKIKGAGNAAGAKIAGNE	0.7197033762931824	0.0
16	GVGGCMQSGVHG	0.9802598357200623	0.02
17	EKFTLAPEF	0.9987671375274658	0.0
18	IFWAPWSGIKTLV	0.9997050166130066	0.07
19	GLLSGILNIAGSKTGPNLSDK	0.9976307153701782	0.0
20	NRIEIILIGPL	0.980717122554779	0.0
21	GIADFNPGL	0.9985334873199463	0.0
22	LLVVNNQELNK	0.9881234765052795	0.0
23	GVGASTNEELMVL	0.9965918064117432	0.0
24	FIHFLVVLFII	0.4350389838218689	0.0
25	RGDPIWTRWKPRYHR	0.9888771176338196	0.45
iter13
ID	sequence	binding score	toxicity
1	GLPGTEANGAVHHHPGLAF	0.9991616010665894	0.0
2	GLLGGIGGTMKFVVPHVGPGLAHD	0.9961517453193665	0.265
3	GLWQQPQDAAGTKAAAFVVAEKA	0.9759966135025024	0.0
4	SLGRFLEFSLQCYV	0.9999618530273438	0.0
5	GFNDELKAAAKEIVPTVVNH	0.978935182094574	0.0
6	CLTVGTFNDPAAGMFAGGCFIN	0.5429630875587463	0.0
7	GGAIAVVVKTYTW	0.987133800983429	0.0
8	LWFRLDLEDR	0.38920876383781433	0.0
9	KIMGWQSKPYEQTRG	0.025165895000100136	0.0
10	VNATGFADSALSVPTPNYP	0.9784790873527527	0.0
11	GNKDPFQGGTVVLTKNFSGVGP	0.8882722854614258	0.0
12	GLPKVNVTTAKNIEFFVSPVSEELL	0.9864669442176819	0.0
13	GKMSWFSSGISSHTEAVRG	0.9232206344604492	0.0
14	FHVHHVRVIAHGGFASGQDIM	0.6793274879455566	0.0
15	LLPELQSKIKGAGIAGGAKIKGNE	0.9928942322731018	0.0
16	GVGGCMQSGVHG	0.9802598357200623	0.02
17	EKFTLAPEF	0.9987671375274658	0.0
18	IFWAPWSGIKTLV	0.9997050166130066	0.07
19	GLLSGILNIAGSKTGKNLSDK	0.9945242404937744	0.0
20	NRIEIILIGPL	0.980717122554779	0.0
21	GIAAFNPGL	0.8980504274368286	0.0
22	LLVVNKQLLNK	3.668722911243094e-06	0.0
23	GVGASTNEELMVL	0.9965918064117432	0.0
24	FIHFLVVLFII	0.4350389838218689	0.0
25	RGDPIWTRWKPRYH	0.9970782995223999	0.465
iter14
ID	sequence	binding score	toxicity
1	GLPGTDANGAVHHHPGLAPF	0.9650229811668396	0.0
2	GLLGGIGGSMKFVVPHVGPGIAHD	0.9944479465484619	0.0
3	GLWQQPQDAAGTKAAAFSVAEKA	0.9817622900009155	0.0
4	SLGRFLEFSLQCYV	0.9999618530273438	0.0
5	GFNDLLKAAAKELVPTVVNH	0.5678787231445312	0.0
6	CETVMTFNDPAAGMFAGGCFIN	0.9758520722389221	0.0
7	GGAIAVVVPTYTW	0.9993950128555298	0.0
8	LWFRLDLEDR	0.38920876383781433	0.0
9	KIMGWQSKFYEQTRC	0.9522901773452759	0.0
10	VNATMFMDSALSVPTFNYP	0.9994121789932251	0.0
11	GNKDPFQGGTVVLTKNPSGVMF	0.9947545528411865	0.0
12	GLPKVNGHTAKNIEFFVSPVIEELL	0.6941102147102356	0.0
13	GWMSWFSSGISSHTSAVRG	0.9981293082237244	0.0
14	FHVHHVRVIAHGGFASGQATM	0.8380311727523804	0.0
15	LLPELQSKIKGAGIAGGAKIKGNE	0.9928942322731018	0.0
16	GVGGCMQSGVHG	0.9802598357200623	0.02
17	EKFTLAPEF	0.9987671375274658	0.0
18	IFWAPWSGHKTLV	0.9997724890708923	0.0
19	GLLSGILNIAGSNTGKNLSDK	0.9974491000175476	0.0
20	NRIEIILIGPL	0.980717122554779	0.0
21	GIAAFNPGL	0.8980504274368286	0.0
22	LLVVNNWLLN	0.8607692122459412	0.0
23	GVGASTNEELMVL	0.9965918064117432	0.0
24	FIHFLVVLFII	0.4350389838218689	0.0
25	RGEPPWTRWKPRYH	0.9566540718078613	0.115
iter15
ID	sequence	binding score	toxicity
1	GLPGTEANGAVHHHPGLAF	0.9991616010665894	0.0
2	GLLGGIGGSMKFVVPHVGPGIAHD	0.9944479465484619	0.0
3	GLWQQPQDAAGTKAAAFDVAEKA	0.9932408332824707	0.0
4	SLGRFLEFSLKCY	0.9998319149017334	0.0
5	GFNDELKAAAKENVPTVVNH	0.9965851306915283	0.0
6	CETVMTFNDPAAGMFAGSCFNN	0.9981977343559265	0.0
7	GGAIAVVVPTYLW	0.9985551238059998	0.0
8	LWFWLDLEDR	0.9993558526039124	0.0
9	KIMGWQSNFYEQVRC	0.47427698969841003	0.0
10	VNATMFMDSALSVPTPNYP	0.9978275895118713	0.0
11	GNKDPFQGGTVVLSKNPSGVMF	0.9920912981033325	0.0
12	GLPKGNGHTAKNIEFFVSPVIEELL	0.8698170781135559	0.0
13	GKMSWFSSGISSHTSAVRG	0.9171693325042725	0.0
14	FHVHHVRVIAHGGFASGQAIM	0.7460376024246216	0.0
15	LLPDLQSKIKGAGIAGGAKIQGNE	0.997914731502533	0.0
16	GVGGCMQSGVHG	0.9802598357200623	0.02
17	EKFTLAPEF	0.9987671375274658	0.0
18	IFWAPWSGHKTLV	0.9997724890708923	0.0
19	GLLSGILNIAGSNTGKNLSSK	0.9723718166351318	0.0
20	NRIEIILIGPL	0.980717122554779	0.0
21	GIADFNPGL	0.9985334873199463	0.0
22	LLVVNNQLLNK	0.9940639138221741	0.0
23	GVGASTNEELMVL	0.9965918064117432	0.0
24	FIHFLVVLFII	0.4350389838218689	0.0
25	RGEPPWTRWKPRYH	0.9566540718078613	0.115
iter16
ID	sequence	binding score	toxicity
1	GLPGTEANGASHHHPGLAF	0.9991218447685242	0.0
2	GLLGGTGGTMKFVVPHVGPGIAHS	0.9800753593444824	0.0
3	GLWQQPPDAAGTKAAAFDVAEKG	0.9962213039398193	0.0
4	SLGRFLEFSLWCY	0.9991132616996765	0.075
5	GFNDELKAAAKELVPTGVNH	0.9518858194351196	0.0
6	CETVMTFNDPAGMMFAGSCPN	0.9840303659439087	0.0
7	GGAIAVVVPTYTK	0.9989317059516907	0.0
8	LWFWLDLEER	0.9972713589668274	0.0
9	KFMGWQSNFYEQTRC	0.25190281867980957	0.0
10	VNATMFMDSALDVPTFNYP	0.9890447854995728	0.0
11	GNKDPFQGGTVVLSKNPVGVMY	0.9673296213150024	0.0
12	MLPKGNSHTGKNISFFVTPVIDELL	0.9165874123573303	0.0
13	GKMSWFSSGISSHTSAVRG	0.9171693325042725	0.0
14	FHVVHVRVIAHGGIASGQATM	0.9730767011642456	0.0
15	LLPDLQSKIKGAGIAGGAKIKGNE	0.9975983500480652	0.005
16	GVGGCMQSGVHG	0.9802598357200623	0.02
17	EKFTLAPEC	0.9995073080062866	0.0
18	IFWAPWSGHKVLV	0.9993426203727722	0.0
19	GLLSGILNIGGSNTGKNLSSK	0.8900154232978821	0.01
20	NRIEIILHGP	0.9995438456535339	0.0
21	GIAAFNPGL	0.8980504274368286	0.0
22	LLVVNNWLLN	0.8607692122459412	0.0
23	GVGASTNEELMVL	0.9965918064117432	0.0
24	FIHFLVVLFI	0.9180600047111511	0.0
25	RGEPPWTRWKPRY	0.9859583973884583	0.045
iter17
ID	sequence	binding score	toxicity
1	GLPGTEANGAVHHHPGLGF	0.9976576566696167	0.0
2	GLLGGIGGTMKFVVPHVGPGIATS	0.9989013671875	0.0
3	GLWQQPQDAAGTKAAAYDVAEKG	0.9933068156242371	0.0
4	SLGRFLEFSLWCY	0.9991132616996765	0.075
5	GFNDDLKAAAKENVPTGVNH	0.989772617816925	0.0
6	CETVMTFNDPAAGMFAGSCPN	0.995032787322998	0.0
7	GGAIAVVVPTYTK	0.9989317059516907	0.0
8	LWFWLDLEER	0.9972713589668274	0.0
9	KFMGWQSNFYEQTRC	0.25190281867980957	0.0
10	VNATMFADSALDVPTPNYP	0.9981141090393066	0.0
11	GNKDPFQGGTVVLSKNFVGHMY	0.9595941305160522	0.0
12	GLPKGNSHTGKNIEFFVVPVIKELL	0.5507736206054688	0.0
13	GKMSWFASGISSHTTAVYG	0.9954562187194824	0.0
14	FHVVHVRVIAHGGIASGYAVM	0.9061518311500549	0.0
15	LLIDLQSKIKGAGIAGGAKIKGNE	0.9853370785713196	0.0
16	GVGGCMQSGVHG	0.9802598357200623	0.02
17	EKFTLAPEC	0.9995073080062866	0.0
18	IFWAPWSGVKVLV	0.9982582926750183	0.0
19	GLLSGILIIGGSNTGKNLSSN	0.9034074544906616	0.065
20	NRITIILHGPL	0.9928632378578186	0.0
21	GIAAFNPGL	0.8980504274368286	0.0
22	LLVVNNQLNN	0.950552761554718	0.0
23	GVGAVTNEELMVL	0.9598861336708069	0.0
24	FIHFLVVLFI	0.9180600047111511	0.0
25	RGEPPWTRWKPRY	0.9859583973884583	0.045
iter18
ID	sequence	binding score	toxicity
1	GLPGTEANGAVHHHPGLAFF	0.9976972937583923	0.0
2	GLLGGTGGTMKHVVPHVGPGIATS	0.9876028895378113	0.0
3	GLWQQPQDAAGTKAAAFDVAEKG	0.9774255156517029	0.0
4	SLGRFLEFSLKCY	0.9998319149017334	0.0
5	GFKDDLKAAAKENVPTGGNH	0.9162518978118896	0.0
6	CETVMTFNDPAAGGFAGSFPN	0.9901465773582458	0.265
7	GGALAVVVPTYTK	0.9938522577285767	0.0
8	LWFWLDLEER	0.9972713589668274	0.0
9	KFMGWQSNFYEQVRC	0.03770327568054199	0.0
10	VNATMFADSALDVPTPNYP	0.9981141090393066	0.0
11	VNKDPFQGGTVVLSKNPVGHMY	0.9153926372528076	0.0
12	GLPKSNSHTGKPISFFVVPVIDELL	0.6611583232879639	0.0
13	GKMSWFGSGISSHTTAVYG	0.9786457419395447	0.0
14	FHVVVVRVVAVGGIASGYAVM	0.9960600733757019	0.0
15	LLIDLQSKIKGAGIAGGAQVKGNE	0.9987987279891968	0.0
16	GVGGCMQSGVHG	0.9802598357200623	0.02
17	EKFTLAPEC	0.9995073080062866	0.0
18	IFWAPWSGVKVLV	0.9982582926750183	0.0
19	GLLSGILNIGGSNTGKNLSSN	0.8773282170295715	0.0
20	NRIEIILHGPL	0.9982985854148865	0.0
21	GIAAFNPGL	0.8980504274368286	0.0
22	LLVVNNQLNN	0.950552761554718	0.0
23	GVGAVTNEELMVL	0.9598861336708069	0.0
24	FIHFLVVLF	0.8398091793060303	0.0
25	RGEPPWTRWKPRY	0.9859583973884583	0.045
iter19
ID	sequence	binding score	toxicity
1	GLPGTEDNGAVHHHPGLAFF	0.9759519100189209	0.0
2	GLLGGTGGTMKHVVPHVVHGIATT	0.9498787522315979	0.0
3	GLWQQPKDAAGTKAAAYDVAEKG	0.9602723717689514	0.0
4	SLGRFLEFSLKCY	0.9998319149017334	0.0
5	GFNDDLKAAAKENVPTGGNH	0.9881540536880493	0.0
6	CETVMTFNDPAAGMFAGVFPN	0.6586625576019287	0.0
7	GGAIAVVVPTYTK	0.9989317059516907	0.0
8	LWFWLDLEER	0.9972713589668274	0.0
9	KFMGWPSNFYEQTRC	0.9775576591491699	0.36
10	VNATMFADSALDVPTPNYP	0.9981141090393066	0.0
11	GNKDPFQGGTVVLSKNPVGHMY	0.9496679902076721	0.0
12	MLPKSNSHTAKPISFFHVPVIKELL	0.9128538370132446	0.0
13	GKMSWFSSGISSHTTMVY	0.9833881855010986	0.0
14	FHVVVVRVVAVGGIASGYAVM	0.9960600733757019	0.0
15	LLIDLQSKIKGAGIAGGAKIWGHE	0.9334123730659485	0.0
16	GVGGCMQSGVHG	0.9802598357200623	0.02
17	EKFTLAPEC	0.9995073080062866	0.0
18	IFWAPWSGVKVLV	0.9982582926750183	0.0
19	GLLSGILNIGGSNTGKNLSSN	0.8773282170295715	0.0
20	NRIEIILHGPL	0.9982985854148865	0.0
21	GIAAFNPGL	0.8980504274368286	0.0
22	LLVVNNQLLNK	0.9940639138221741	0.0
23	GVGASTNEELGVL	0.9967759251594543	0.0
24	FIHFLVVLF	0.8398091793060303	0.0
25	RVEPPWTRWKPRY	0.9865837693214417	0.0
iter20
ID	sequence	binding score	toxicity
1	GLPGTEANGAVHHHPGLSFF	0.9989283680915833	0.0
2	GLLGGIGGTMKHVVPHVVHGIAKH	0.9793220162391663	0.0
3	GLWQQPPDAAGTKAAAYSVAEKG	0.9985860586166382	0.0
4	SLGRFLEFSLKCY	0.9998319149017334	0.0
5	GFNDDLKAAAKEKVPTAGNH	0.9881755113601685	0.0
6	CETVMLFNDPAAGMPAGVFPL	0.8307953476905823	0.0
7	GGAIAVVGPTYTK	0.9957544803619385	0.0
8	LWFWLELEER	0.9743419885635376	0.0
9	KFMGWQSNFYEQVRC	0.03770327568054199	0.0
10	VNASMFMDSALDVPHPNYP	0.9990519881248474	0.0
11	SNKDPFQGGTVTLSKNKVGHMY	0.8303163647651672	0.0
12	GLPKSNSHHGKPISFFHTPVIAELL	0.9783641695976257	0.0
13	GKMSWFGSGHSSHTTMVC	0.978607177734375	0.0
14	FHVVVGRVVAVGGIASGYAVM	0.9534651041030884	0.0
15	LLIDLQSKIKGAGIAGGAKIWGTD	0.9804463982582092	0.0
16	GVGGCMQSGVHG	0.9802598357200623	0.02
17	EKFTLAPEF	0.9987671375274658	0.0
18	IFWAPWSGVQVLV	0.9900375604629517	0.0
19	GLLSGILIIGGSNTGKNLSSN	0.9034074544906616	0.065
20	NRIEIILHGPL	0.9982985854148865	0.0
21	GIAAFNPGL	0.8980504274368286	0.0
22	LLVVNNQLNNK	0.7457320094108582	0.0
23	GVGASTNEELMVL	0.9965918064117432	0.0
24	FIHFLVVLF	0.8398091793060303	0.0
25	RGEPPWTRWKPRY	0.9859583973884583	0.045
iter21
ID	sequence	binding score	toxicity
1	GLPGTEDNGAVHHHPGLAFF	0.9759519100189209	0.0
2	GLNGGIGGTMKHVVPHVVHGIAETS	0.9683043956756592	0.0
3	GLWQQPPDAAGTKAAAYGVAEKG	0.9981071949005127	0.0
4	SLGRFLEFSLQCY	0.9998019337654114	0.0
5	GFNDDLKAAAKEIVPTGGLH	0.991303563117981	0.0
6	CETVGLFNDPAAGGPAGVFPL	0.9724293351173401	0.0
7	GGAIAVVVPTYTK	0.9989317059516907	0.0
8	LWFWLELEER	0.9743419885635376	0.0
9	KFMAWQSNFYEQTRC	0.9775574207305908	0.0
10	VNASMFADSALDVPTPNYP	0.9992792010307312	0.0
11	GNKDPFQGGTVTLSKNPVGHMY	0.9960821270942688	0.0
12	MLPKSNSHTAKPISFFHTPVIEELL	0.21963149309158325	0.0
13	GKMSWFGSGISSHTTMVV	0.9790902137756348	0.0
14	FHVVVGRVVAVGGIASGFAVM	0.8300784230232239	0.0
15	LLHDLQSKIKGAGPGGGAKKKGTE	0.07778085768222809	0.0
16	GVGGCMQSGVHG	0.9802598357200623	0.02
17	EKFTLAPEC	0.9995073080062866	0.0
18	IFWAPWGGVQVLV	0.9958847165107727	0.0
19	GLLSGILIIGGSNTGKNLSDN	0.853277862071991	0.01
20	NRIEIILHGPL	0.9982985854148865	0.0
21	GIADFNPGL	0.9985334873199463	0.0
22	LLVVNNWLLN	0.8607692122459412	0.0
23	GVGASTNEELMVL	0.9965918064117432	0.0
24	FIHFLVVLP	0.9898590445518494	0.01
25	RGEPPWLRWKFRY	0.9985633492469788	0.07
iter22
ID	sequence	binding score	toxicity
1	GLPGTEANGSVHHVPGLAFF	0.9983454942703247	0.0
2	GLNGGIGGTMKHVVPHVVHGIANTS	0.8350927233695984	0.0
3	GLWQQPPDAAGTKSAAYDVAEKG	0.8384456038475037	0.0
4	SLGRFLEFSLKCY	0.9998319149017334	0.0
5	GFNDDLKAAAKEKVPTGVEH	0.9326275587081909	0.0
6	CETVGLFNDPAAGGPASVPPL	0.9968485236167908	0.0
7	GGAIAVVGPTYTK	0.9957544803619385	0.0
8	LWFWLELELR	0.8966906070709229	0.0
9	KFMGWQSNFYEQTRC	0.25190281867980957	0.0
10	VNASMFADSALDVPHPNYP	0.9994876384735107	0.0
11	GNKDPFQGGTVTLSKNKVGHMY	0.9579119086265564	0.0
12	MLPKSNSHHAKPISFFHTPVIAELL	0.856943666934967	0.0
13	GKMSWCGSGHGSHTSMVV	0.6494055986404419	0.0
14	FIGVVGRVVAVGGIDSGYAG	0.9638249278068542	0.0
15	LLIDLQSKIKGAGPGGGAKIQGTEE	0.9866633415222168	0.0
16	GVGGCMQSGVHG	0.9802598357200623	0.02
17	EKFTLAPEC	0.9995073080062866	0.0
18	PFWAPWGGVQVLV	0.9956413507461548	0.0
19	GLLSGILIIGGTNTGNNLSDN	0.13391633331775665	0.0
20	NRISIILHGPL	0.9991890788078308	0.0
21	GIADFNPGL	0.9985334873199463	0.0
22	LLVVNNQLLN	0.825931966304779	0.0
23	GVGASTNEELMVL	0.9965918064117432	0.0
24	FIHFLVVN	0.9917148947715759	0.0
25	RVEPPWLRWKFRY	0.9711814522743225	0.0
iter23
ID	sequence	binding score	toxicity
1	GLPGTEANGAVHHVPGLGFF	0.9975932240486145	0.0
2	GLNGGIGGSMKHVVPHVGHGIAKT	0.9412382245063782	0.0
3	MLWQQPPDAAGTKDAAYSVAEKG	0.976294994354248	0.0
4	SLGRFLEFSLKCY	0.9998319149017334	0.0
5	GFNDDLKAAAKEIVPTGGLH	0.991303563117981	0.0
6	CETVGLFNDPDAGGPASVPPL	0.9542285799980164	0.0
7	GGAIAVVGPTYTK	0.9957544803619385	0.0
8	LWFWLELEER	0.9743419885635376	0.0
9	KFMAWQSNFYEQTRC	0.9775574207305908	0.0
10	VNASMFADSALDVPHPNYP	0.9994876384735107	0.0
11	SNKDPFQGGLVTLTKNKVGHMY	0.9494087100028992	0.0
12	GLPNSNSHHAKPISFFHTPVHKELL	0.9937471151351929	0.0
13	GKMSWCGSGHGSHTSMVV	0.6494055986404419	0.0
14	FFGVVGYVVAVGGIDSGYAM	0.8716751933097839	0.0
15	LLIDLQSKIKGAGPGGGAKIKGHE	0.992909848690033	0.0
16	GVGGCMQSGVHG	0.9802598357200623	0.02
17	EKFTLAPDF	0.9985119700431824	0.0
18	IFWAPWSGVQTLV	0.9912521243095398	0.0
19	GLLSGILIIGGTNTGKNLSDN	0.7719452381134033	0.0
20	NRIEIILHGPL	0.9982985854148865	0.0
21	GIADFNPGL	0.9985334873199463	0.0
22	LLVVNNQLNN	0.950552761554718	0.0
23	GVGASTNDELMVLT	0.9917614459991455	0.0
24	FIHFLVVL	0.9838787317276001	0.0
25	RGEPPWTRWQFRY	0.9989408850669861	0.0
iter24
ID	sequence	binding score	toxicity
1	GLPGTEANGGVHHVPGLAFF	0.9991937279701233	0.0
2	GLNGGIGGTMKHVVPHVGHGIAKT	0.9827584624290466	0.0
3	MLWQQPPDAAGVKSAAYVVAEKG	0.9982128143310547	0.0
4	SLGRFLEFSLKCY	0.9998319149017334	0.0
5	GFNDDLWAAAKEIVPTGGEH	0.768316388130188	0.0
6	CETVGLFNDPDAGMPGVVPPL	0.9569898843765259	0.0
7	GGALAVVGPTFTK	0.9967411160469055	0.0
8	LWFWLELEER	0.9743419885635376	0.0
9	KFMAWQSNFYEQLRC	0.9613985419273376	0.0
10	VNASMFADSALDVPHPNYP	0.9994876384735107	0.0
11	GNKDPFQGGLVTLEKNPVSHMY	0.9809386730194092	0.0
12	MLPNSNSHHAKPISFFHTPVHKELL	0.9870699644088745	0.0
13	GKMSWFGSGHGSHVTMVV	0.9953664541244507	0.0
14	FFGVVGRVTAHGGIDSGQSM	0.9998947381973267	0.0
15	LLFDLQSKIQGAGPGGGAKIKGTE	0.99367356300354	0.0
16	GVGGCMQTGVHG	0.9970735311508179	0.0
17	EKFTLAPEF	0.9987671375274658	0.0
18	PFWAPWGGVQTLV	0.9984745383262634	0.0
19	GLLSGILIIGGTNTGNNLSDN	0.13391633331775665	0.0
20	NRIEIILHGPL	0.9982985854148865	0.0
21	GIADFNPGL	0.9985334873199463	0.0
22	LLVVNNQLNN	0.950552761554718	0.0
23	GVGASTNDELMVLT	0.9917614459991455	0.0
24	FIHFLVVL	0.9838787317276001	0.0
25	RGEPPWTRWQFRY	0.9989408850669861	0.0
iter25
ID	sequence	binding score	toxicity
1	GLPGTEANGSVHHVPGLAFF	0.9983454942703247	0.0
2	GLNGGIGGSMKHVVPHVGTGIAKT	0.9441623687744141	0.0
3	MLWQQPPDAAGTKSGAYSVANPG	0.9846854209899902	0.0
4	SLGRFLEFSLKCY	0.9998319149017334	0.0
5	GFNDDLKGAAKEIVPTAGEV	0.9942264556884766	0.0
6	CETVGLFNDPAAGGPDSVPKL	0.9377249479293823	0.0
7	GGALAVVGPTYTK	0.9992226362228394	0.0
8	LWFWLELEER	0.9743419885635376	0.0
9	KFMGWQSNFYEQTRC	0.25190281867980957	0.0
10	VNASMFADSALDVPHPNPP	0.9986218214035034	0.0
11	GNKDPFQGGLVTLEKNPVSHMY	0.9809386730194092	0.0
12	MLINSNGHHAKPIDFFHTPVHANLL	0.8414091467857361	0.28
13	GKMSWFGSGHGSHVSMVV	0.9832484722137451	0.0
14	FFGVVGYVVAHGGIDSGQSM	0.9958449006080627	0.0
15	LLFDLQSKIQGAGPGGGAKIQGIE	0.9974538683891296	0.0
16	GVGGCMQSGVHG	0.9802598357200623	0.02
17	EKFTLAPDF	0.9985119700431824	0.0
18	PFWAPWGGVQTLV	0.9984745383262634	0.0
19	GLLSGILIIGGSNTGPNLSDL	0.9422085285186768	0.0
20	NRIEIILHGPL	0.9982985854148865	0.0
21	GIADFNPGL	0.9985334873199463	0.0
22	LLVVNNQLNN	0.950552761554718	0.0
23	GVGASTNDELMVL	0.9953502416610718	0.0
24	FIHFLVVN	0.9917148947715759	0.0
25	RVEPPWLRWQFRY	0.9796462655067444	0.0
iter26
ID	sequence	binding score	toxicity
1	GLPGTDANGSVHHVPGLAFF	0.9900254011154175	0.0
2	GLNGGIGGSMKHVVPHVGHGIAKT	0.9412382245063782	0.0
3	MLWQQPPDAAGTKSAAYEVALIG	0.9839444756507874	0.0
4	SLGRFLEFSLKCY	0.9998319149017334	0.0
5	GFNDDLKSAAKEIVPTAGEV	0.8734100461006165	0.0
6	CETVGLFNDKDAGMPDVVQKI	0.5350217223167419	0.0
7	GGALAVVGPTYTK	0.9992226362228394	0.0
8	LWFWLELEER	0.9743419885635376	0.0
9	KFMAWQSNFYEQTRC	0.9775574207305908	0.0
10	VNASMFADSALDVPHPNFP	0.9995452761650085	0.0
11	GNKDPFQGGLVTLEKNKVGHMY	0.9812862277030945	0.0
12	MLINSNAHHAKPTDFFHTPVIAELL	0.8530518412590027	0.0
13	GKMSWFASGHGSHVTMVV	0.999466598033905	0.0
14	FFGVVGRVTAHGGIDSGQSM	0.9998947381973267	0.0
15	LLFDLQSKIQGMSPGGGAKLKGPE	0.9682486653327942	0.0
16	GVGGCMQSGVHG	0.9802598357200623	0.02
17	EKFTLAPEF	0.9987671375274658	0.0
18	PFWAPWGGVQTLV	0.9984745383262634	0.0
19	GLLSGFLIIGGSNTGNNLSDL	0.8711506724357605	0.0
20	NRIEIILHGPL	0.9982985854148865	0.0
21	GIADFNPGL	0.9985334873199463	0.0
22	LLVVNNQLNN	0.950552761554718	0.0
23	GVGASTNDELMVLT	0.9917614459991455	0.0
24	FIHFLVVN	0.9917148947715759	0.0
25	RVEPPWLRWPFRY	0.9623192548751831	0.0
iter27
ID	sequence	binding score	toxicity
1	GLPGTEANGSVHVVPGLAFY	0.9981599450111389	0.0
2	GLNGGTGGSMKHGVPHVGHGIATT	0.8078455924987793	0.0
3	MLWQQPPDAAGTKSGAYDVANIG	0.9675503373146057	0.0
4	SLGRFLEFSLQCY	0.9998019337654114	0.0
5	GFNDDLKAAAKEIVPTGGEV	0.9874654412269592	0.0
6	CETVGLFNDKDAGMPSSVQK	0.9868884682655334	0.0
7	GGALAVVGPTYTK	0.9992226362228394	0.0
8	LWFWLELELR	0.8966906070709229	0.0
9	KIMSWQSNFFEQLRC	0.23989222943782806	0.0
10	VNASMFADSALDVPHPNPP	0.9986218214035034	0.0
11	GNKEPFQGGLVTLSKNPVSHMY	0.998504638671875	0.0
12	GLINSNSHHAKPIDFFHHPVTAELL	0.9761604070663452	0.0
13	GKMAWFGSGHGSHVSMVG	0.99826580286026	0.0
14	FFGVVVRVSAHGGIDSGQGM	0.9993168115615845	0.145
15	LLFDLQSKIQGMSPGGGAKIQGPE	0.9402629137039185	0.0
16	GVGGCMQTGVHG	0.9970735311508179	0.0
17	EKFTLAPEC	0.9995073080062866	0.0
18	PFWAPWGGVQTLV	0.9984745383262634	0.0
19	GLLSGPLIIGGSNTGNNLSDL	0.9399714469909668	0.0
20	NRIEIILHGPL	0.9982985854148865	0.0
21	GIADFNPGL	0.9985334873199463	0.0
22	LLVVNNQLNN	0.950552761554718	0.0
23	GVGASTNDELGVLT	0.9975121021270752	0.0
24	FIHFLVVN	0.9917148947715759	0.0
25	RVEPPWTRWPFRP	0.9968323111534119	0.0
iter28
ID	sequence	binding score	toxicity
1	GLPGTDANGSVHVVPGLAFY	0.9852656722068787	0.0
2	GLNGGTGGSMKHGVFHVGHGIATT	0.9396939873695374	0.0
3	MLWQQPPDAAGTKSGAYSVANIG	0.9669382572174072	0.0
4	SLGRFLEFSLQCY	0.9998019337654114	0.0
5	GFNDDLKGAAKEIVPTAGEV	0.9942264556884766	0.0
6	CETVGLFNDKDAGMPSVVQK	0.970316469669342	0.0
7	GGALAVVGPTYTK	0.9992226362228394	0.0
8	LWFWLELEER	0.9743419885635376	0.0
9	KIMSWQSNFFEQLRC	0.23989222943782806	0.0
10	VNASMFADSALDVPHPNPP	0.9986218214035034	0.0
11	GNKDPFQGGLVTLSKNKVSVMY	0.9955790638923645	0.0
12	GLINSNGVHAKNTDHFHHPVTAELL	0.9990472197532654	0.0
13	GKMAWFGSGHGSHVTMHG	0.99897301197052	0.0
14	FFGVVVRVSAHGGIDSGQGM	0.9993168115615845	0.145
15	LLFDLQSKIPGMSIGGVAKIKGHE	0.9587428569793701	0.0
16	GVGGCMQTGVHG	0.9970735311508179	0.0
17	EKFTLAPDC	0.9991244673728943	0.0
18	PFWAPWGGVQTLV	0.9984745383262634	0.0
19	GLLSGPLIIGGSNTGNNLSDL	0.9399714469909668	0.0
20	NRIEIILHGPL	0.9982985854148865	0.0
21	GIADFNPGL	0.9985334873199463	0.0
22	LLVVNNQLNNL	0.7213941216468811	0.0
23	GVGASINDELGVLT	0.994768500328064	0.0
24	FIHFLVVN	0.9917148947715759	0.0
25	RGEPPWTRWQFR	0.9828807711601257	0.0
iter29
ID	sequence	binding score	toxicity
1	GEIGTDANGSVHVVPGIAPF	0.25556549429893494	0.0
2	GLLGGIGMSMKHGVPHVGHGIATT	0.5962832570075989	0.0
3	MLWQQPPDAAGTKSGAYSVANT	0.9478847980499268	0.0
4	SLGRFLEFSLKCY	0.9998319149017334	0.0
5	GFNDDLKGAAKEIVPTGGEV	0.8768115639686584	0.0
6	FETVGLFNDKDAGMPSVVQK	0.9995569586753845	0.0
7	GGALAVVGPTYTK	0.9992226362228394	0.0
8	LWFWLELELR	0.8966906070709229	0.0
9	KIMSWQSNFFEPLRG	0.9907530546188354	0.0
10	VNADMFADSALDVPHPNPP	0.9992761015892029	0.0
11	GNKDPFQGGLVTLSKNPTSVMY	0.9883902072906494	0.0
12	GLINSNGVTAKPTDHFHHNVHEELL	0.9771380424499512	0.0
13	GKMAWFGSGHSSHVSMHG	0.9977619647979736	0.0
14	FFGVVVRVSAHGGIDSGRGM	0.9992768168449402	0.18
15	LLFDLQSKIQGMSIGGGAKIIGHLL	0.07371863722801208	0.0
16	GVGGCMQTGVHG	0.9970735311508179	0.0
17	EKFTLAPDF	0.9985119700431824	0.0
18	PFWAPWGGVQTLV	0.9984745383262634	0.0
19	GLLSGPLIIGGSNTGNNLSDN	0.9369832873344421	0.0
20	NRIEIILHGPL	0.9982985854148865	0.0
21	GIADFNPGL	0.9985334873199463	0.0
22	LLVVNNQLNN	0.950552761554718	0.0
23	GVGAVINDELMVLT	0.9994974136352539	0.0
24	FIHFLVVN	0.9917148947715759	0.0
25	RGEPPWTRWQFR	0.9828807711601257	0.0
iter30
ID	sequence	binding score	toxicity
1	GEPGTDANGSVHVVPGLAFY	0.9986238479614258	0.0
2	GLLGGIGMSMKHVVPHVGHGIATT	0.9171528220176697	0.0
3	MLWQQPPDAAGTKSGAYSVANV	0.9013766646385193	0.0
4	SLGRFLEFSLKCYV	0.9991081357002258	0.0
5	GFNDDLKSAAKEIVPTGGES	0.9022191166877747	0.0
6	FETVGLFNDKDAGMPSVVQKL	0.9942236542701721	0.0
7	GGALAVVGITYTK	0.9982230067253113	0.0
8	LWFWLELELR	0.8966906070709229	0.0
9	KIMSWQSNFFEPLRG	0.9907530546188354	0.0
10	VNASMFADSALDVPHPNPP	0.9986218214035034	0.0
11	GNKDPFQGGLVTLSKNKVSVMY	0.9955790638923645	0.0
12	MLINSNAVTAKPTDHFHHNVTDELL	0.9822140336036682	0.0
13	GKMAWFGSGHSSVVSMFG	0.999638557434082	0.0
14	FFGVVVYVSAHGGIDSGQM	0.9997221827507019	0.11
15	LLFDLPSKIQGMSIGGGAKIKGHLL	0.9655622839927673	0.04
16	GVGGCMQTGVHG	0.9970735311508179	0.0
17	EKFTLAPDC	0.9991244673728943	0.0
18	IFWAPWGGVQTLV	0.9952622652053833	0.0
19	GLLSGPLIIGGSNTGNNLSDN	0.9369832873344421	0.0
20	NRIEIILHGPL	0.9982985854148865	0.0
21	GIADFNPGL	0.9985334873199463	0.0
22	LLVVNNQLNN	0.950552761554718	0.0
23	GVGAVINDELGVLT	0.9991376399993896	0.0
24	FIHFLVVN	0.9917148947715759	0.0
25	RVEPPWTRWQFR	0.9922106266021729	0.0
iter31
ID	sequence	binding score	toxicity
1	GEPGTDANGSVHVVPGLAFY	0.9986238479614258	0.0
2	GLLGGIGGSMKHVVFHVGHGIATT	0.9611632227897644	0.0
3	MLWQQPPDAAGTKSGAYSVANV	0.9013766646385193	0.0
4	SLGRFLEFSLKCYV	0.9991081357002258	0.0
5	GFNDDLKGAAKEIVPTGGEV	0.8768115639686584	0.0
6	FETVGLFNDKDAGMPSVVQKL	0.9942236542701721	0.0
7	GGALAVVGFTYTK	0.9978152513504028	0.0
8	LWFWLELELR	0.8966906070709229	0.0
9	KPMSWQSNFFEPLRG	0.9788789749145508	0.0
10	VNASMFADSALDVPHPNPK	0.9988493919372559	0.0
11	GNKDPFQGGLVTLSKNKTGVGY	0.9940694570541382	0.0
12	MLINSNAVTAKPTDHHHHPSTEELL	0.18893972039222717	0.0
13	GKMAWFGSGHSSVVSMHG	0.9991405010223389	0.0
14	FFGVVVYVSAHGGIDSGQM	0.9997221827507019	0.11
15	LLFDLQSKIPGMSIGGGAKIKGHEL	0.9748255610466003	0.0
16	GVGGCMQTGVHG	0.9970735311508179	0.0
17	EWFTLAPDC	0.9982349872589111	0.065
18	PFWAPWGGVQTLV	0.9984745383262634	0.0
19	GLLSGPLIIGGSNTGNNLSDN	0.9369832873344421	0.0
20	NRIEIILHGP	0.9995438456535339	0.0
21	GIADFNPGL	0.9985334873199463	0.0
22	LLVVNNQLNN	0.950552761554718	0.0
23	GVGAVINDELGVL	0.997260332107544	0.0
24	FIHFLVVN	0.9917148947715759	0.0
25	RVEPPWTRWQFR	0.9922106266021729	0.0
iter32
ID	sequence	binding score	toxicity
1	GEPGTDANGSVHVVPGLAFY	0.9986238479614258	0.0
2	GLIGGIGGSMKHVVFVVGHGIATT	0.8457335829734802	0.0
3	MLWQQPPDAAGTKSGAYVVANV	0.06420169025659561	0.0
4	SLGRFLEFSLKCYVW	0.9986888766288757	0.0
5	GFNDDLKAAAKEIVPTGGEV	0.9874654412269592	0.0
6	FETVGLFNDKDAGMPSVVQKL	0.9942236542701721	0.0
7	GGALAVVGFTYTK	0.9978152513504028	0.0
8	LWFWLELELR	0.8966906070709229	0.0
9	KPASWQSNFFEPLRG	0.9898014664649963	0.0
10	VNADMFADSALDVPHPNYN	0.9948738217353821	0.0
11	GLKDPFQGGLVTLSKNPVVVGY	0.9991532564163208	0.0
12	MLINANAVTAKPTDHHHHPVHEEKL	0.9321784973144531	0.0
13	GKMAWFGSGHGSVVSMFG	0.9994307160377502	0.0
14	FFGVVVYVSAHGGIDSGQM	0.9997221827507019	0.11
15	LLFDLQSKIPGMSIGGGAKIKGHLL	0.9598678946495056	0.02
16	GVGGCMQTGVHG	0.9970735311508179	0.0
17	EKFTLAPDF	0.9985119700431824	0.0
18	IFWAPWGGVQVLV	0.9958847165107727	0.0
19	GLLSGPLIIGGSNTGNNLSDN	0.9369832873344421	0.0
20	NRIEIILHGP	0.9995438456535339	0.0
21	GIADFNPGL	0.9985334873199463	0.0
22	LLVVNNQLNN	0.950552761554718	0.0
23	GVGAVINDELGVLT	0.9991376399993896	0.0
24	FIHFLVVN	0.9917148947715759	0.0
25	RVEPPWTRWQFR	0.9922106266021729	0.0
iter33
ID	sequence	binding score	toxicity
1	GEPMTDANGSVHVVPGIAFY	0.8431873917579651	0.0
2	GLLGGTGGSMKHVVHHVVHGIDPT	0.964743435382843	0.0
3	MLWQQPPDSAGTKSGAQSVANV	0.9697809219360352	0.0
4	SLGRFLEFSLKCYVW	0.9986888766288757	0.0
5	GFNDDLKSAAKEIVPTGGEV	0.7241483330726624	0.0
6	FETVGLFNDKDAGMPSVVQKL	0.9942236542701721	0.0
7	GGALAVVGFTYTK	0.9978152513504028	0.0
8	LWFWLELELR	0.8966906070709229	0.0
9	KPMSWQSNFFEPLRG	0.9788789749145508	0.0
10	VNADMFMDSALDVPCPNFN	0.998343825340271	0.0
11	GLKDPFQGGLVTLSKNPTSVGY	0.9989672899246216	0.0
12	MLINANGVTAKPTDHHHHPVHEEKL	0.9621063470840454	0.0
13	GKMAWFGSGHSSVVSMFG	0.999638557434082	0.0
14	FFGVVVYGSAHGGHDSGQM	0.9987077713012695	0.23
15	LLFDLQSKIPGMTIGGGAKIQGPE	0.975314199924469	0.0
16	GVGGCMQTGVHG	0.9970735311508179	0.0
17	EKFTLAPDF	0.9985119700431824	0.0
18	IFWAPWGGVQTLV	0.9952622652053833	0.0
19	GLLSGPLIIGGSNTGNNLSDN	0.9369832873344421	0.0
20	NRIEIILHGP	0.9995438456535339	0.0
21	GIADFNPGL	0.9985334873199463	0.0
22	LLVVNNQLNN	0.950552761554718	0.0
23	GVGAVINDELGVLT	0.9991376399993896	0.0
24	FIHFLVVN	0.9917148947715759	0.0
25	RGEPPWTRWQFR	0.9828807711601257	0.0
iter34
ID	sequence	binding score	toxicity
1	GEPMTDANASGHVVPGIAFY	0.4044516086578369	0.0
2	GLLGGVGGSMKHVVHHVGHGIEPT	0.9935032725334167	0.0
3	MLWQQPPDSAGTKSGAYSVANT	0.9919275045394897	0.0
4	SLGRFLEFSLKCYVW	0.9986888766288757	0.0
5	GFNDDLKAAAKEIVPTGGEV	0.9874654412269592	0.0
6	FETVGLFNDKDAGMPSVVQKL	0.9942236542701721	0.0
7	GGALAVVGFTYTK	0.9978152513504028	0.0
8	LWFWLELELR	0.8966906070709229	0.0
9	KPASWQSNFYEPLRG	0.994257926940918	0.0
10	VNADMFMDSALDVPHPNPN	0.9959719777107239	0.0
11	GLKDPFQGGLVTLSKNKVVVGY	0.9981184005737305	0.0
12	MLINANGVTAKPTDHHHHPVILEKL	0.8766717314720154	0.0
13	GKMAWFGSGHGSVVTMHG	0.99826979637146	0.0
14	RFGVVVYGVAHGGHDSGQM	0.9924212098121643	0.225
15	LLFDLQSKIPGMSIGGGAKIKGHLL	0.9598678946495056	0.02
16	GVGGCMQTGVHS	0.9983375072479248	0.0
17	EKFTLAPDF	0.9985119700431824	0.0
18	IFWAPWGGVQTLV	0.9952622652053833	0.0
19	GLLSGPLIIGGSNTGNNLSDN	0.9369832873344421	0.0
20	NRIEIILHGP	0.9995438456535339	0.0
21	GIADFNPGL	0.9985334873199463	0.0
22	LLVVNNWLNNL	0.9098978042602539	0.0
23	GVGAVINDELGVLT	0.9991376399993896	0.0
24	FIHFLVVN	0.9917148947715759	0.0
25	RGEPPWTRWQFR	0.9828807711601257	0.0
iter35
ID	sequence	binding score	toxicity
1	GEPMTDANAAGHVVPGIAFY	0.08663740009069443	0.0
2	GLLGGVGGSMKHVVPVVSHGIAPT	0.9730983376502991	0.0
3	MLWQQPPESAGTKSGAQSLANH	0.9897693395614624	0.0
4	SLGRFLEFSLKCYVW	0.9986888766288757	0.0
5	GFNDDLKAAAKEIVPTGGEV	0.9874654412269592	0.0
6	FETVGLFNDKDAGMPSSVWKL	0.9966694712638855	0.0
7	GGALAVVGFTYTK	0.9978152513504028	0.0
8	LWFWLLLELR	0.9708390831947327	0.0
9	KPASWQSNFYEPLRG	0.994257926940918	0.0
10	VNADMFMDSALDVPHPNYN	0.9970411658287048	0.0
11	GLKDPFQGGLVTLSKNKTVHGY	0.9996771812438965	0.0
12	MLINANGVTAKPTDHHHHPVILEKL	0.8766717314720154	0.0
13	GKMAWFGSGHGSVVTMFS	0.9977820515632629	0.0
14	YFGVVVYGSAHGGHDSGWM	0.998735249042511	0.0
15	LLFDLPSKIPGMSIGGGAKIKGPL	0.9942548871040344	0.055
16	GVGGCMQTGVHG	0.9970735311508179	0.0
17	EWFTLAPDF	0.999041736125946	0.0
18	IFWAPWGGVQTLV	0.9952622652053833	0.0
19	GLLSGPLIIGGSNTGNNLSDN	0.9369832873344421	0.0
20	NRIEIILHGP	0.9995438456535339	0.0
21	GIADFNPGL	0.9985334873199463	0.0
22	LLVVNNQLNN	0.950552761554718	0.0
23	GVGAVINDELGVLT	0.9991376399993896	0.0
24	FIHFLVVN	0.9917148947715759	0.0
25	RGEPPWTRWQFR	0.9828807711601257	0.0
iter36
ID	sequence	binding score	toxicity
1	GEPMTDANASGVVVPGIAHY	0.9213659167289734	0.0
2	GLLGGVGGVMKHVVPVVGHGLEPT	0.9904338121414185	0.0
3	MLWQQPPDSGGTKSGAQSVANI	0.9714709520339966	0.0
4	SLGRFNEFSLKCYVW	0.9978805780410767	0.0
5	GFNDELKAAAKEIVPTGGEV	0.9899458289146423	0.0
6	FETVGLFNDKDAGMPSVVWWL	0.9983435869216919	0.0
7	GGALAVVGFTYTK	0.9978152513504028	0.0
8	LWFWLELELR	0.8966906070709229	0.0
9	KPASWQSNFYEPLRGY	0.9915066361427307	0.0
10	VNADMFMDSALDVPCKNYN	0.9985576272010803	0.0
11	GLKDPFQGGEVTLSKNKTVVGY	0.9990667700767517	0.0
12	MLINANGVTDKPTDHHHHPVILEKL	0.8900144696235657	0.0
13	GKMAWFGSGHVSVVSMHS	0.998553454875946	0.0
14	FFGVVVYGSAVGGHDSGWM	0.9998441934585571	0.0
15	LLFDLPSKIPGMSHGGGAKIKGPEL	0.9991158843040466	0.0
16	GVGGCMQTGVHG	0.9970735311508179	0.0
17	EKFTLAPDF	0.9985119700431824	0.0
18	IFWAPWGGVQVLV	0.9958847165107727	0.0
19	GLLSVQLIIGGSNTGNNLSDN	0.9778680801391602	0.0
20	NRIEIILHGP	0.9995438456535339	0.0
21	GIADFNPGL	0.9985334873199463	0.0
22	LLVVNNQLNN	0.950552761554718	0.0
23	GVGAVINDELGVL	0.997260332107544	0.0
24	FIHFLVVN	0.9917148947715759	0.0
25	RGEPPWTRWQFR	0.9828807711601257	0.0
iter37
ID	sequence	binding score	toxicity
1	MDPMTDANASGVGGPGIAHY	0.9973605275154114	0.0
2	GLIGGVGGVMKHVVFVVSHGLEPT	0.8208247423171997	0.0
3	MLWQQPPDSGGTKSGAYDVANI	0.9966172575950623	0.0
4	SLGRFNEFSLKCYVW	0.9978805780410767	0.0
5	GFNDDLKAAAKEIVPTGGEV	0.9874654412269592	0.0
6	FETVGLFNDKDAGMPSVVPWL	0.9992444515228271	0.0
7	GGALAVVGFTYTK	0.9978152513504028	0.0
8	LWFWLELDLR	0.8692832589149475	0.0
9	KPASWQSNFYEPLRGY	0.9915066361427307	0.0
10	VNADMFMDSALDVPCPNYN	0.9969354867935181	0.0
11	GLKDPFQGGLVTLSKNKVVVGY	0.9981184005737305	0.0
12	MLINGNGVTDKPTAHHHHPVILEKL	0.8366875648498535	0.0
13	GKMAWFGSGHGSVVTMHS	0.9983662962913513	0.0
14	RPGVVGYGSAVGGHDSGWM	0.9959473013877869	0.0
15	LLFDLPSKIPGMEHGGGAKIKGPL	0.999078631401062	0.0
16	GVGGCMQTGVHS	0.9983375072479248	0.0
17	EKFTLAIDF	0.999356210231781	0.0
18	IFWAPWGGVQTLV	0.9952622652053833	0.0
19	GLLSVQLIIGGSNTGNNTSDN	0.9722039103507996	0.0
20	NRISIILHGP	0.9998494386672974	0.0
21	GIADFNPGL	0.9985334873199463	0.0
22	LLVVNNWLNNL	0.9098978042602539	0.0
23	GVGAVINDELGVL	0.997260332107544	0.0
24	FIHFLVVN	0.9917148947715759	0.0
25	RGEPPWTRWQFR	0.9828807711601257	0.0
iter38
ID	sequence	binding score	toxicity
1	MDPMTDANASGVGVPAIAHF	0.9926518797874451	0.0
2	GLLGGVGGVMKHVVPVVGHGLEQT	0.9891293048858643	0.0
3	MLWQQPPDSGGTKSGAQSVANI	0.9714709520339966	0.0
4	SLGRFNEFTLKCYVK	0.9992478489875793	0.0
5	GFNDDLKAAAKEIVPTGGDV	0.9957971572875977	0.0
6	FETVGLFNDKDAGMPSVVQWL	0.9977300763130188	0.0
7	GGALAVVGFTYTK	0.9978152513504028	0.0
8	LWFWLELELR	0.8966906070709229	0.0
9	KPASWQSNFYEPLRGY	0.9915066361427307	0.0
10	VNADMFMDSALDVPHPNYN	0.9970411658287048	0.0
11	GLKDPFQGGLVTLSKNKTVHGY	0.9996771812438965	0.0
12	MLINANGVTDKPTAHHHHPVLLEKL	0.9873647093772888	0.0
13	GKMAWFGSGHGSVVSMHA	0.9995160102844238	0.0
14	RPGVVGYGSAVGGHDSGWM	0.9959473013877869	0.0
15	LLFDLPSKIPGMSHGGGAKISGPL	0.9966347813606262	0.0
16	GVGGCMQTGVHS	0.9983375072479248	0.0
17	EKFTLAPDF	0.9985119700431824	0.0
18	PFWAPWGGVQTLV	0.9984745383262634	0.0
19	GLLSVQIIIGGSNTGFNTSDK	0.9976770281791687	0.0
20	NRIEIILHGP	0.9995438456535339	0.0
21	GIADFNPGL	0.9985334873199463	0.0
22	LLVVNNQLNNL	0.7213941216468811	0.0
23	GVGAVINDELGVL	0.997260332107544	0.0
24	FIHFLVVN	0.9917148947715759	0.0
25	RGEPPWTRWQFR	0.9828807711601257	0.0
iter39
ID	sequence	binding score	toxicity
1	MDPMTDANASGVGVPAIAHY	0.9885596632957458	0.0
2	GLLGGVGGSMKVVHHVVGHGLEQT	0.9946422576904297	0.0
3	MLWQQPPDSGGTKSGAQSVANIV	0.9989629983901978	0.0
4	SLGRFNEFTLKCYVK	0.9992478489875793	0.0
5	GFNDELKAAAKEIVPTGGEV	0.9899458289146423	0.0
6	FETVGLFNDKDAGMPSVVPWL	0.9992444515228271	0.0
7	GGALAVVGFTYTK	0.9978152513504028	0.0
8	LWFWLLLELR	0.9708390831947327	0.0
9	KPASWQSNFYEPLRG	0.994257926940918	0.0
10	VNADMFMDSALDVPHPNYN	0.9970411658287048	0.0
11	GLKDPFQGGEVTLSKNKTVVGY	0.9990667700767517	0.0
12	MLINANGVTAKPIAHHHHPVIEEKL	0.9918670058250427	0.0
13	GKMAWFGSGHGSVVSMHA	0.9995160102844238	0.0
14	RFGVVGYGSAHGGHDSGRM	0.9995191097259521	0.0
15	LLFDLPSKIFGMEHGGGAKILGNL	0.9061094522476196	0.0
16	GVGGCMQTGVHS	0.9983375072479248	0.0
17	EKFTLAIDF	0.999356210231781	0.0
18	IFWAPWGGVQTLV	0.9952622652053833	0.0
19	GLLSVQIIIGGSNTGNNTSEK	0.9597787261009216	0.0
20	NRIEIILHGP	0.9995438456535339	0.0
21	GIADFNFGL	0.9868379235267639	0.0
22	LLVVNNWLNNL	0.9098978042602539	0.0
23	GVGAVINDELGVL	0.997260332107544	0.0
24	FIHFLVVN	0.9917148947715759	0.0
25	RGEPPWTRWQYR	0.9944925308227539	0.0
iter40
ID	sequence	binding score	toxicity
1	MDQGTEAKASGVGSPGIAHF	0.9947848916053772	0.0
2	GLIGGVGGVMKHVHHVVGHGLEQT	0.9911059737205505	0.0
3	MLWQQPPDSGGTKSGAQSVANI	0.9714709520339966	0.0
4	SLGRFNEFTLKCYVK	0.9992478489875793	0.0
5	GFNDELKAAAKEIVPTGGEV	0.9899458289146423	0.0
6	FETVGLFNDKDAGMPSVVQWL	0.9977300763130188	0.0
7	GGALAVVGFTYTK	0.9978152513504028	0.0
8	LWFWLELELR	0.8966906070709229	0.0
9	KPASWQSNFYEPLRGY	0.9915066361427307	0.0
10	VNADMFMDSALDVPHPNYN	0.9970411658287048	0.0
11	GLKDPFQGGEVTLSKNKTVHGY	0.9997242093086243	0.0
12	MLINGNGVTDKPTAHHHHPVITEKL	0.9956713914871216	0.0
13	GKMAWFGSGHGSVVSMHA	0.9995160102844238	0.0
14	RPGVVGYGSAVGGHDSGRM	0.9989680051803589	0.0
15	LLPDLPSKIFMMEHGGGAKISGPL	0.9751508235931396	0.0
16	GVGGCMQTGVHS	0.9983375072479248	0.0
17	EKFTLAIDF	0.999356210231781	0.0
18	PFWAPWGGVQTLV	0.9984745383262634	0.0
19	GLLSVQTIIGGSNTGINTSEK	0.9946617484092712	0.0
20	NRIEIILHGP	0.9995438456535339	0.0
21	GIADFNFGL	0.9868379235267639	0.0
22	LLVVNNWLNNL	0.9098978042602539	0.0
23	GVGAVINDELGVL	0.997260332107544	0.0
24	FIHFLVVN	0.9917148947715759	0.0
25	RGEPPWTRWQYR	0.9944925308227539	0.0
